A = ...
[3.000000 1.000000 1.000000;
0.000000 1.666667 -1.333333;
0.000000 0.000000 2.800000];